class Solution {
    public int[] twoSum(int[] numbers, int target) {
        int low = 0;
        int high = numbers.length-1;

        while (true){
            if (numbers[low] + numbers[high] == target)
                return new int[]{low+1,high+1};

            if (numbers[high]>target)
                high--;

            while (numbers[low] + numbers[high] < target)
                low++;
        }
    }
}

//runtime:N/A
//memory:N/A
//total_testcases:21
//total_correct:10
//input_formatted:"[12,13,23,28,43,44,59,60,61,68,70,86,88,92,124,125,136,168,173,173,180,199,212,221,227,230,277,282,306,314,316,321,325,328,336,337,363,365,368,370,370,371,375,384,387,394,400,404,414,422,422,427,430,435,457,493,506,527,531,538,541,546,568,583,585,587,650,652,677,691,730,737,740,751,755,764,778,783,785,789,794,803,809,815,847,858,863,863,874,887,896,916,920,926,927,930,933,957,981,997],542"
//expected_output:[24,32]
//code_output:
//runtime_error:null
//last_testcase:[12,13,23,28,43,44,59,60,61,68,70,86,88,92,124,125,136,168,173,173,180,199,212,221,227,230,277,282,306,314,316,321,325,328,336,337,363,365,368,370,370,371,375,384,387,394,400,404,414,422,422,427,430,435,457,493,506,527,531,538,541,546,568,583,585,587,650,652,677,691,730,737,740,751,755,764,778,783,785,789,794,803,809,815,847,858,863,863,874,887,896,916,920,926,927,930,933,957,981,997] 542
